1802
3	23	7	9	0.133194	-11.946896196500001
12	52	44	48	0.159721	-12.829572036600002
1	31	10	13	0.115614	-8.071567150380002
3	43	11	15	0.135818	-13.2106924392
2	62	32	38	0.0886135	-21.9390533796
47	57	52	53	0.107153	-11.81890542184
46	56	52	53	0.122116	-11.03047879306
46	56	47	48	0.161759	-6.741905104380001
51	61	52	53	0.315459	-8.146593670840002
2	52	12	17	0.124501	-21.6222555328
40	50	47	48	0.0873411	-10.73369377984
45	55	47	48	0.0832755	-7.79754812428
45	55	52	53	0.178322	-11.324016813540002
8	58	13	18	0.196512	-12.6838894726
39	49	47	48	0.185217	-8.157322327460001
44	54	52	53	0.350946	-8.76923848018
44	54	47	48	0.0626833	-12.8714249088
15	55	31	35	0.0970867	-18.850459563
43	53	47	48	0.0565855	-10.20091535892
2	12	8	9	0.111741	-11.482045357540002
5	55	10	15	0.218501	-13.3831657798
42	52	47	48	0.0587165	-10.05343028184
20	60	32	36	0.101465	-17.6608009302
5	15	12	13	0.156439	-11.5844799536
37	57	53	55	0.186513	-14.020588727200002
4	14	12	13	0.280259	-9.8468449985
5	15	10	11	0.133471	-11.53955293238
36	56	48	50	0.0886803	-13.346745138800001
41	61	53	55	0.0966238	-11.92610556618
2	62	14	20	0.139715	-17.510056514400002
3	23	13	15	0.100438	-26.750775624800003
2	22	10	12	0.119846	-14.8146821608
32	42	33	34	0.355601	-10.1712973529
7	47	35	39	0.107137	-15.476920528
11	61	36	41	0.078824	-17.7909275594
26	36	33	34	0.156224	-11.418327754760002
31	41	33	34	0.152574	-12.04509612142
6	36	15	18	0.104276	-13.152666333200001
20	40	34	36	0.121781	-11.109357259280001
4	24	8	10	0.141735	-12.027589521780001
7	47	39	43	0.147262	-13.096615584000002
2	52	7	12	0.222694	-13.174889097200001
24	44	34	36	0.091006	-10.78043566012
3	33	15	18	0.0930329	-12.7590764908
6	46	10	14	0.227415	-12.8647580796
18	38	34	36	0.199001	-16.1552086692
7	37	19	22	0.0949823	-17.147208162200002
6	16	7	8	0.266561	-7.020442759160001
22	42	34	36	0.100434	-13.338843711600001
10	50	22	26	0.0870994	-26.88337145
1	51	41	46	0.166745	-11.431562645320001
37	57	39	41	0.188915	-13.4283520666
5	55	40	45	0.110999	-6.71385503782
7	57	42	47	0.109412	-12.861424665000001
13	63	18	23	0.246719	-12.358449439800001
4	34	19	22	0.0920764	-17.57450253
33	63	36	39	0.195049	-11.481995973620002
32	62	41	44	0.0997881	-11.09846810492
4	44	20	24	0.0784044	-20.328643748400005
6	26	8	10	0.223453	-10.373141779920001
6	46	22	26	0.0759649	-20.5422292024
14	44	35	38	0.111065	-17.5178344818
8	18	10	11	0.17158	-10.439081659100001
3	13	9	10	0.129942	-11.433612078
34	64	40	43	0.119171	-12.400549231600001
3	13	10	11	0.189195	-9.54680064656
24	54	36	39	0.0826593	-16.992636492600003
13	33	15	17	0.221638	-11.09419639584
21	51	39	42	0.0879679	-14.387634712600002
11	41	35	38	0.170769	-13.348473576
19	39	21	23	0.276833	-8.14249480548
15	45	39	42	0.149981	-11.63483920602
31	61	40	43	0.0916406	-14.031206270000002
11	31	15	17	0.134336	-12.908339389000002
18	58	42	46	0.0843615	-14.7155439414
15	35	19	21	0.159168	-11.29339878314
10	20	18	19	0.403746	-7.43114412984
22	62	42	46	0.0786544	-15.6980370298
13	33	19	21	0.120509	-13.6511970056
16	46	22	25	0.11371	-13.8510784218
7	37	10	13	0.238409	-20.666306301400002
12	52	40	44	0.110254	-13.841818936800001
14	54	42	46	0.105795	-13.265261670800001
11	31	19	21	0.103643	-14.782212233400001
14	44	17	20	0.272191	-11.08375169676
13	43	22	25	0.0870961	-16.0103903238
38	48	39	40	0.361195	-11.721063530340002
43	53	44	45	0.22759	-7.437959110800001
13	63	43	48	0.0842851	-11.589282539820001
37	47	39	40	0.130173	-9.79800430162
37	47	44	45	0.122809	-27.0522644564
36	46	39	40	0.096866	-9.646358629280002
35	45	39	40	0.0851346	-8.75973207558
34	44	39	40	0.0846357	-9.51170102542
7	17	8	9	0.23803	-8.466687894300001
33	43	39	40	0.0919075	-7.861660798420001
12	62	47	52	0.101027	-16.9437464118
40	60	46	48	0.0858016	-9.42710637046
33	53	45	47	0.0933757	-11.813843570040001
7	37	31	34	0.215647	-12.4856130338
39	59	51	53	0.10715	-14.151456115200002
44	64	46	48	0.181396	-8.974638549440002
6	16	10	11	0.136717	-11.191075300900001
38	58	46	48	0.0791187	-12.748829327400001
43	63	51	53	0.0986003	-15.360621396400003
31	51	45	47	0.115753	-12.18374147682
37	57	51	53	0.133629	-13.9647848976
1	21	5	7	0.158819	-10.979773853200001
42	62	46	48	0.105203	-10.6293332109
5	25	11	13	0.121208	-27.6962307732
40	60	50	52	0.0838467	-29.640722623200006
3	13	4	5	0.177052	-8.308461814620001
33	53	49	51	0.186308	-11.76360777742
13	23	19	20	0.149858	-11.178445363360002
24	34	25	26	0.338467	-8.465613794040001
4	44	32	36	0.125021	-14.6743083682
12	22	19	20	0.209477	-10.867018017860001
23	33	25	26	0.165484	-11.302880495780002
11	21	19	20	0.580127	-9.104802216580001
22	32	25	26	0.125035	-12.770434792400001
22	52	46	49	0.168009	-11.76008917312
3	33	12	15	0.102835	-15.184567721600002
21	41	31	33	0.102198	-15.504081684
15	35	31	33	0.212449	-10.22894073352
26	46	32	34	0.101137	-15.257162084
20	40	32	34	0.108621	-15.689271384000001
6	46	14	18	0.133639	-16.3194102032
2	42	10	14	0.140421	-19.4610917338
4	54	34	39	0.0937691	-15.401980429400002
8	58	38	43	0.0831355	-13.319830902400001
24	54	33	36	0.103783	-16.579293082200003
18	48	33	36	0.0964235	-16.9327584896
11	41	32	35	0.130354	-13.827003760800002
2	42	14	18	0.103669	-13.190568491800002
6	46	18	22	0.116108	-14.265162591000003
21	51	33	36	0.098104	-16.357188902
15	45	33	36	0.103442	-13.792311557000001
4	14	10	11	0.154645	-10.82363424414
14	64	54	59	0.199495	-13.076862016000002
50	60	56	57	0.106148	-10.361808170280002
7	17	15	16	0.244373	-6.358611809300001
10	60	20	25	0.112623	-17.2978291182
49	59	56	57	0.139069	-10.19429791364
54	64	56	57	0.161586	-10.52850359224
54	64	61	62	0.116825	-9.26805311012
14	54	34	38	0.0878708	-24.7127012464
19	59	35	39	0.0838776	-18.4289678058
4	14	5	6	0.373899	-6.984404843540001
11	41	14	17	0.22278	-11.211174556340001
14	54	38	42	0.0854479	-17.618330759000003
2	22	16	18	0.157342	-14.9717230264
34	44	36	37	0.14008	-11.59982600674
34	44	41	42	0.120127	-8.94994658944
17	57	21	25	0.206556	-14.345411461000001
40	50	42	43	0.113604	-8.29931344344
33	43	41	42	0.237695	-6.515232911580001
33	43	36	37	0.104554	-10.925254005520001
12	42	18	21	0.166334	-30.290368090800005
39	49	42	43	0.0875478	-5.607445348160001
4	24	6	8	0.209663	-9.8227703375
4	24	20	22	0.225198	-11.76623747116
36	46	40	41	0.0802999	-10.969724225480002
6	26	22	24	0.202646	-11.75400260498
38	48	42	43	0.0801436	-8.893908186220001
2	62	26	32	0.099001	-21.2192827456
1	11	7	8	0.109481	-10.33984467186
35	45	40	41	0.0776423	-12.722285470400001
34	44	40	41	0.0840973	-10.30785623768
33	43	40	41	0.106448	-8.76802857414
5	35	23	26	0.0805688	-20.8621135442
12	52	16	20	0.265795	-16.9921426534
37	57	43	45	0.104672	-13.5165023638
16	56	20	24	0.203042	-11.51099668064
32	42	40	41	0.197192	-8.71557050512
36	56	38	40	0.199427	-11.580381088240001
41	61	43	45	0.184527	-9.178162029740001
4	34	7	10	0.211208	-12.500304750000002
35	55	43	45	0.0976139	-11.54902229904
10	60	45	50	0.0973108	-16.460895134
23	43	37	39	0.105815	-15.184197342200001
2	32	23	26	0.0999255	-15.1992594378
34	54	38	40	0.120575	-11.679766227240002
33	53	43	45	0.0953384	-12.4819092398
3	13	7	8	0.101595	-14.298126357600003
16	26	22	23	0.109794	-10.63261724158
16	26	17	18	0.274759	-7.509108993540001
21	31	22	23	0.455272	-8.19231083478
15	25	17	18	0.182361	-9.00993570626
15	25	22	23	0.149725	-9.48513247646
32	62	44	47	0.0874081	-15.380004585
11	61	26	31	0.113005	-20.607292517000005
9	59	49	54	0.180905	-13.536996690600002
14	24	22	23	0.331526	-8.08236988288
14	24	17	18	0.137185	-10.306189530380001
13	23	17	18	0.126635	-12.245397300940002
20	50	44	47	0.178158	-22.203133891800004
20	40	24	26	0.137674	-12.6736423092
33	63	48	51	0.0780476	-8.36288289446
3	63	51	57	0.202292	-13.564528226
12	32	18	20	0.148189	-14.379486365800002
18	38	24	26	0.100421	-15.882856350400003
11	31	23	25	0.0802041	-17.8416695372
5	15	6	7	0.202206	-8.131642689060001
22	42	24	26	0.231852	-10.388685368740001
5	35	8	11	0.213183	-11.95829153604
17	57	45	49	0.0960401	-14.046638745000001
16	36	24	26	0.0859283	-16.7258398648
1	51	31	36	0.106813	-17.887473123000003
21	61	45	49	0.0785286	-14.736655567200001
13	53	45	49	0.154546	-12.261447074940001
5	25	7	9	0.194487	-9.4523292076
25	55	31	34	0.128766	-17.7540130792
50	60	53	54	0.105319	-11.04603472786
21	61	49	53	0.118609	-19.6370219488
1	11	2	3	0.441736	-10.100727731220001
49	59	53	54	0.0941849	-15.2653104308
3	63	33	39	0.0864186	-27.601660566400003
48	58	53	54	0.0920268	-13.243903125400001
41	51	47	48	0.0661801	-6.541332313300001
11	61	51	56	0.19236	-12.605615959400001
24	64	32	36	0.119685	-17.212518396400004
47	57	53	54	0.106442	-12.884758567200002
47	57	48	49	0.279071	-5.33857459572
52	62	53	54	0.310545	-9.810720661020001
3	53	13	18	0.124647	-22.003005556
7	57	17	22	0.146544	-16.057798887
46	56	48	49	0.109664	-10.498058405560002
46	56	53	54	0.14839	-13.9561427116
51	61	53	54	0.13902	-11.962180519740002
11	51	31	35	0.099311	-18.034390285
10	20	13	14	0.101986	-20.580872119800002
40	50	48	49	0.294138	-10.299831350680002
45	55	53	54	0.396064	-15.6134670668
45	55	48	49	0.0893175	-11.76876839706
1	21	3	5	0.231745	-12.378696847
16	56	32	36	0.0907538	-19.2184932268
8	18	13	14	0.0971173	-14.564552606000001
4	14	8	9	0.10359	-11.61345596866
40	60	54	56	0.122599	-11.523873537780002
44	64	54	56	0.0963722	-12.9179692534
38	58	54	56	0.187528	-10.310325433680001
42	62	54	56	0.104455	-13.699222867800001
13	63	33	38	0.0880065	-16.1933577474
25	35	33	34	0.321378	-9.48437937168
4	24	14	16	0.100984	-18.5083524572
3	43	35	39	0.162869	-13.496501876200002
9	49	41	45	0.172183	-11.4513285593
10	40	16	19	0.158266	-19.176887274200002
8	48	36	40	0.106654	-15.152221254
9	39	21	24	0.0811341	-35.4216042984
13	53	17	21	0.26278	-18.0419213328
33	53	35	37	0.20541	-18.4287208862
31	61	55	58	0.206092	-15.5208722168
39	59	41	43	0.189441	-9.718224578860001
35	55	39	41	0.117494	-11.2594103002
37	57	41	43	0.119543	-13.521317296000001
19	39	35	37	0.185614	-9.82904209534
8	38	20	23	0.0830393	-17.1860979992
1	31	19	22	0.0972629	-22.079427172200003
33	53	39	41	0.0935502	-12.6116654896
24	64	56	60	0.197666	-11.899327135560002
13	23	14	15	0.304158	-7.8776858804600005
2	12	3	4	0.351937	-10.6789640505
12	22	14	15	0.182677	-8.8282399186
2	52	42	47	0.175939	-11.06789945844
31	51	39	41	0.0831242	-15.2575324634
6	56	46	51	0.157799	-12.072948652300001
11	21	14	15	0.138695	-10.2148169324
14	64	19	24	0.215275	-13.158715863400001
18	48	36	39	0.0888586	-16.290273690400003
2	42	22	26	0.0714415	-16.5015134082
34	64	37	40	0.198402	-11.5624423793
33	63	42	45	0.0990314	-12.08610946698
21	51	36	39	0.0841798	-16.1626162572
17	37	21	23	0.144387	-11.939291072820001
25	55	40	43	0.0776417	-15.430005804
2	22	4	6	0.229072	-10.97340332752
15	45	36	39	0.104012	-13.891079397
19	49	40	43	0.103426	-13.3963759784
15	35	21	23	0.10836	-13.911450264000003
5	15	9	10	0.114617	-11.06783772854
22	52	40	43	0.0867218	-12.7771016216
54	64	59	60	0.0926468	-9.5506649383
18	38	20	22	0.24277	-9.15698867404
13	33	21	23	0.0939878	-14.798015087800001
16	46	40	43	0.155471	-11.0664426328
53	63	59	60	0.0990043	-9.227076802500001
12	32	16	18	0.160956	-19.3347923584
19	59	43	47	0.0910681	-15.214321533400001
16	36	20	22	0.138052	-11.541392483400001
2	32	5	8	0.242855	-11.200334785900003
20	50	23	26	0.217946	-10.549676947940002
23	63	43	47	0.0834772	-15.683839152800001
14	34	20	22	0.105393	-13.924537002800003
11	41	17	20	0.169533	-14.001452458200001
1	11	5	6	0.142735	-11.31036215966
17	47	23	26	0.120183	-14.984933225
19	59	47	51	0.094843	-13.8263864618
2	42	6	10	0.206947	-12.6510491658
40	50	45	46	0.0673246	-8.06811027598
39	49	45	46	0.0740572	-10.66140806694
44	54	45	46	0.188414	-8.94084760218
32	42	39	40	0.116742	-7.8827724242200015
50	60	51	52	0.297599	-8.37406835234
38	48	45	46	0.0969088	-10.500552293520002
43	53	45	46	0.0894799	-9.4778236563
6	56	11	16	0.208913	-10.550714010260002
31	41	39	40	0.286614	-7.95135434312
37	47	45	46	0.175411	-8.05633221106
42	52	45	46	0.0724968	-10.64509902736
36	56	46	48	0.079737	-13.014885196400002
41	61	51	53	0.0980714	-17.982784088600003
2	62	8	14	0.218327	-13.2061244266
35	55	51	53	0.246019	-11.39448766738
34	54	46	48	0.0867034	-12.8693260922
8	38	32	35	0.194981	-11.44535310498
40	60	52	54	0.11089	-15.559144754800002
32	52	46	48	0.108162	-12.620431135400002
36	56	50	52	0.116305	-15.360251017000001
4	64	16	22	0.143257	-14.5971459932
21	31	25	26	0.110856	-13.8093490094
3	23	5	7	0.260213	-10.368240425860002
26	36	31	32	0.115651	-11.543491300000001
34	54	50	52	0.196228	-24.2287388304
31	61	52	55	0.12523	-15.031354109800002
25	35	31	32	0.12679	-10.48567538762
5	45	33	37	0.121413	-18.0879718382
23	53	47	50	0.15562	-8.65751970716
24	44	32	34	0.0944285	-18.781939374
3	33	6	9	0.200814	-11.776978473760002
10	60	35	40	0.0811002	-20.8316189736
18	38	32	34	0.131195	-12.387956332000002
22	42	32	34	0.0975319	-15.569021538800001
16	36	32	34	0.215452	-12.483884596600001
2	12	6	7	0.100575	-12.707717214
21	61	53	57	0.190634	-8.60339493084
3	53	8	13	0.226723	-10.44899548104
7	47	15	19	0.140254	-15.880634074000001
3	53	38	43	0.104615	-14.194049746200001
11	61	16	21	0.245061	-22.950682980800003
9	59	39	44	0.0872432	-22.384125958600002
31	61	34	37	0.203056	-11.595788871280002
2	42	18	22	0.0989691	-19.9440664714
12	42	33	36	0.128183	-13.753298260200001
7	47	19	23	0.101718	-17.702900722000003
48	58	56	57	0.285759	-8.75559617228
53	63	61	62	0.228822	-7.784239157840001
53	63	56	57	0.11873	-11.863647253360002
32	62	38	41	0.116441	-12.881301692800001
52	62	56	57	0.101931	-11.03318256268
26	56	38	41	0.0758753	-12.31749782414
11	31	13	15	0.225134	-15.186419618600002
23	63	35	39	0.0910398	-18.1052562102
51	61	56	57	0.0982244	-11.23882955154
20	50	38	41	0.0843444	-16.506698719800003
4	64	40	46	0.0860337	-14.758631411600001
54	64	60	61	0.105772	-11.769262236260001
5	55	20	25	0.0854337	-19.5278834856
53	63	60	61	0.131087	-11.11030789974
15	55	35	39	0.0833133	-17.8725344872
19	59	39	43	0.0782115	-14.967278473600002
52	62	60	61	0.279974	-9.294547583200002
23	63	39	43	0.0780323	-16.3397810702
2	32	8	11	0.144001	-13.915647897200001
1	11	8	9	0.138783	-9.41094548264
43	63	57	59	0.123816	-11.6300983497
41	61	57	59	0.175515	-10.79410265998
5	25	17	19	0.144003	-13.4790940444
15	55	39	43	0.0854544	-14.017008393000001
12	42	15	18	0.226054	-13.2909413092
37	47	42	43	0.0777673	-8.810227133780002
16	46	19	22	0.245001	-10.61108585246
4	44	8	12	0.229704	-13.385758435600001
36	46	42	43	0.0893947	-8.77883130664
36	46	37	38	0.42873	-17.502895846
41	51	42	43	0.205074	-7.35736455336
11	61	41	46	0.0863831	-15.0234526826
3	23	17	19	0.176012	-11.478353909520001
35	45	42	43	0.106405	-8.9041676956
18	58	22	26	0.199837	-11.636493567340002
34	44	42	43	0.20794	-7.5633819216200004
34	44	37	38	0.110515	-10.36903056858
1	21	17	19	0.3046	-9.5043675133
33	43	37	38	0.0945464	-10.78980625894
12	52	20	24	0.122123	-14.601467086200001
32	52	38	40	0.0959536	-11.46332885186
38	58	44	46	0.087695	-19.6089965742
26	46	38	40	0.083098	-18.032044548800002
31	51	43	45	0.103339	-11.050034825380001
42	62	44	46	0.162807	-11.323671126100002
5	55	45	50	0.157159	-16.277557331
24	44	38	40	0.099753	-8.1839649523
12	22	17	18	0.126451	-9.96719361154
11	21	17	18	0.141823	-11.604603901
5	15	7	8	0.130851	-9.675766753640001
22	32	23	24	0.478394	-8.5766905761
16	26	18	19	0.214495	-9.908624282420002
16	26	23	24	0.137366	-10.53388643952
21	31	23	24	0.157367	-10.06915906036
33	63	45	48	0.0756257	-17.999204242
8	38	11	14	0.209425	-11.28617638484
24	54	48	51	0.167045	-13.712926905600002
7	57	32	37	0.0903062	-23.789468862
14	34	24	26	0.0835504	-17.584996613
2	62	50	56	0.194107	-13.4150184082
4	64	52	58	0.212519	-21.4397819484
2	12	9	10	0.1865	-8.8558331839
12	32	24	26	0.0900284	-18.5730453924
19	59	51	55	0.181693	-12.3404860389
23	63	51	55	0.125531	-13.992933732000001
4	44	12	16	0.124405	-25.1733297602
19	49	31	34	0.102125	-21.1255767574
6	56	36	41	0.0868461	-17.5099330546
22	52	31	34	0.110808	-17.1972093812
16	46	31	34	0.099856	-13.169950705200002
44	54	48	49	0.0798601	-9.998935126120001
50	60	54	55	0.0785792	-11.238545594
43	53	48	49	0.0810894	-11.047800203
49	59	54	55	0.0777508	-8.232262426060002
42	52	48	49	0.0948399	-10.94737800168
6	16	13	14	0.144408	-8.90872336222
12	62	52	57	0.203609	-11.62881436778
2	52	17	22	0.112116	-11.213606714400001
41	51	48	49	0.127881	-12.5005516696
5	15	13	14	0.224085	-7.03018373738
8	58	18	23	0.140355	-15.815200380000002
12	52	32	36	0.0936302	-18.466499585
1	31	4	7	0.206702	-9.440835100220001
10	20	14	15	0.121271	-11.504268121540001
6	16	8	9	0.144906	-9.933933541420002
39	59	55	57	0.21134	-10.711594475640002
1	41	5	9	0.220514	-11.706359468160002
33	43	34	35	0.383459	-7.9202918574400005
32	42	34	35	0.169652	-8.956440574920002
14	64	34	39	0.0829496	-11.26670677438
26	36	34	35	0.253956	-9.20217496084
31	41	34	35	0.116152	-11.33938755864
5	25	15	17	0.0996114	-14.885548086000002
1	61	19	25	0.0873462	-13.146616803
4	44	36	40	0.156143	-13.1629134966
8	48	40	44	0.160524	-7.82490681596
2	12	4	5	0.114083	-10.20282898582
10	50	42	46	0.162547	-11.38315405774
4	34	16	19	0.108829	-5.8925510643
10	40	22	25	0.0735016	-17.6854928902
35	55	41	43	0.0993079	-11.11159188166
14	54	18	22	0.255771	-11.223853877800002
34	54	36	38	0.217557	-10.55973892164
1	51	6	11	0.204152	-13.105875069000001
38	58	40	42	0.188457	-11.35741268944
33	53	41	43	0.0882247	-10.44166196892
8	58	43	48	0.101732	-15.4751920908
5	35	20	23	0.0798442	-15.244816104000002
25	45	39	41	0.0956116	-13.0217989452
32	52	36	38	0.134017	-11.77457100766
36	56	40	42	0.120199	-11.858708861360002
23	43	39	41	0.156732	-10.068282495780002
2	32	20	23	0.0857455	-18.9631783604
34	54	40	42	0.0981693	-12.836979624600001
31	61	37	40	0.120486	-14.109973622400002
24	54	42	45	0.0926415	-13.473785273000003
12	42	36	39	0.158216	-12.510181533999999
20	40	22	24	0.258972	-9.185606655680001
18	48	42	45	0.17303	-10.70085347304
2	62	44	50	0.101479	-35.59963333
52	62	59	60	0.123937	-9.028084296860001
18	38	22	24	0.127751	-11.648382746080001
11	31	21	23	0.0897736	-16.195703483600003
51	61	59	60	0.201095	-6.74197918026
16	36	22	24	0.0936544	-13.061676460600001
7	17	9	10	0.159164	-10.83991859176
15	55	43	47	0.114382	-13.8463869494
12	32	20	22	0.0933571	-14.9499941016
23	63	47	51	0.0772092	-15.186913457800001
14	44	23	26	0.0902587	-17.9489561034
49	59	51	52	0.126251	-10.4914903442
15	55	47	51	0.157013	-13.4350188958
48	58	51	52	0.0931558	-11.47684769996
11	41	23	26	0.0788442	-17.6616651488
41	51	45	46	0.0664505	-10.78133691666
3	13	5	6	0.201277	-10.933686309860002
47	57	51	52	0.089269	-12.18917370802
46	56	51	52	0.089904	-11.70449522518
10	20	11	12	0.584848	-5.01089994054
40	50	46	47	0.112922	-10.87789482624
45	55	51	52	0.106462	-10.6380371268
45	55	46	47	0.385565	-7.118593300160001
13	63	48	53	0.116183	-17.0758483978
9	19	11	12	0.161212	-10.568640373220001
1	51	11	16	0.123596	-18.6205774154
49	59	50	51	0.272228	-5.120458167060001
1	31	7	10	0.128973	-15.4690191008
8	18	11	12	0.137406	-11.304559549060002
7	17	11	12	0.131303	-9.60661691966
39	59	47	49	0.066769	-11.626826665000001
44	64	52	54	0.103176	-17.1916536902
6	16	11	12	0.13699	-11.4967000358
46	56	50	51	0.0777896	-11.467415371240001
38	58	52	54	0.131826	-10.8569930821
43	63	47	49	0.0853579	-10.4969843053
37	57	47	49	0.0680175	-14.159851381600001
6	26	12	14	0.105885	-14.802212721
36	56	52	54	0.231153	-11.03642955542
41	61	47	49	0.0710325	-12.1060358787
35	55	47	49	0.0773323	-11.97604505528
4	24	12	14	0.0953459	-9.4559095418
24	34	31	32	0.18079	-9.001540439860001
11	61	31	36	0.0927517	-19.844434412800002
10	50	34	38	0.096141	-18.467734183
23	33	31	32	0.380844	-7.401797735380001
2	22	12	14	0.0936366	-16.7842363502
1	41	33	37	0.186413	-12.23274267144
8	38	14	17	0.1292	-13.777002541800002
6	46	34	38	0.117136	-12.531540079400001
10	50	38	42	0.104921	-15.990513296000001
31	51	33	35	0.225056	-11.68832199138
5	35	14	17	0.102437	-17.828212419
25	45	33	35	0.098185	-16.4762041492
5	55	35	40	0.0902652	-17.417708584000003
9	39	18	21	0.120401	-7.3175117299200005
19	39	33	35	0.135135	-13.941574455200001
23	43	33	35	0.101928	-15.321855019200001
3	43	15	19	0.110235	-16.2316302854
9	49	21	25	0.0877731	-16.9336227082
4	14	6	7	0.139975	-10.89343841506
22	52	34	37	0.0913263	-22.1439966476
4	54	39	44	0.108896	-10.901018846780001
32	62	35	38	0.203469	-11.31815247304
3	43	19	23	0.0877881	-19.0593535446
23	53	38	41	0.0771282	-16.4441046012
13	43	34	37	0.118026	-8.398673890480001
17	47	38	41	0.0963023	-14.609738892800001
49	59	57	58	0.409255	-16.3311388842
54	64	62	63	0.241853	-10.87377126892
33	63	39	42	0.119234	-12.594257657800002
20	60	36	40	0.0824294	-17.508945376200003
12	32	14	16	0.240154	-5.84380913526
24	64	36	40	0.0885623	-18.424523253000004
11	51	35	39	0.091858	-17.2486921178
5	25	9	11	0.152353	-13.097603262400002
10	20	17	18	0.175444	-9.21237274032
17	57	41	45	0.0909376	-13.790212740400001
6	56	26	31	0.102026	-19.4163992862
9	19	17	18	0.344686	-6.402612882020001
13	43	19	22	0.148991	-13.638604106000003
40	50	43	44	0.106504	-25.632229836800004
11	51	39	43	0.105626	-14.0381200188
3	13	8	9	0.101199	-11.5586768554
32	42	37	38	0.0946313	-11.64290113096
6	26	18	20	0.147342	-13.639591784400002
38	48	43	44	0.0956023	-20.6206261754
31	41	37	38	0.0998612	-22.325482553600004
17	47	20	23	0.221842	-10.196137464660001
14	54	22	26	0.115515	-16.609417273400002
37	47	38	39	0.337212	-12.772903988400001
42	52	43	44	0.24431	-12.107455666400002
12	62	42	47	0.0898771	-16.1660731316
4	24	18	20	0.180239	-12.6442588768
36	46	38	39	0.133366	-10.75959564588
36	46	43	44	0.140804	-29.8133194236
34	54	44	46	0.0806968	-25.824086366000003
22	42	38	40	0.161938	-9.656902096200001
39	59	45	47	0.0907797	-12.667469319200002
3	63	9	15	0.222935	-13.480452102200001
7	47	31	35	0.107126	-16.207679084200002
10	60	50	55	0.179067	-11.094554429260002
15	25	23	24	0.311002	-8.06886338076
15	25	18	19	0.177951	-10.145309065
14	24	18	19	0.153653	-11.105863346940001
13	23	18	19	0.153941	-10.08429523184
12	22	18	19	0.169117	-10.18439643768
5	35	11	14	0.13333	-11.91014221404
24	54	45	48	0.0953296	-10.94510634136
3	23	9	11	0.126978	-13.783669371000002
3	43	31	35	0.13549	-14.287014975600002
11	21	18	19	0.226572	-8.54124526752
1	11	3	4	0.188647	-11.301707627679999
34	64	46	49	0.0802383	-13.5742815502
31	61	49	52	0.0884195	-12.496107116800001
9	39	12	15	0.201155	-11.673506815380001
21	51	45	48	0.153477	-5.86794552616
2	32	11	14	0.106323	-13.239335112800001
2	52	32	37	0.101434	-34.041570654000004
4	14	9	10	0.120722	-11.303510140760002
20	60	52	56	0.19113	-12.7368537268
26	56	32	35	0.121987	-17.508081157600003
22	62	50	54	0.127146	-29.7083785936
1	51	36	41	0.107799	-15.6030964436
9	49	17	21	0.1494	-15.758779251400002
20	50	32	35	0.0972883	-16.824484245
13	43	31	34	0.111646	-14.471340457000002
7	57	37	42	0.0855889	-11.64962969006
4	64	34	40	0.0837703	-23.468226462400004
23	53	32	35	0.10326	-17.393016624
48	58	54	55	0.0831712	-10.55971422968
48	58	49	50	0.213856	-15.090491354000003
53	63	54	55	0.29545	-9.59151778612
47	57	49	50	0.115283	-12.404623405
47	57	54	55	0.116548	-8.487601984420001
52	62	54	55	0.119526	-9.78920161788
10	60	15	20	0.2253	-14.083800144800001
46	56	54	55	0.287591	-7.6696931554
46	56	49	50	0.0847507	-11.092739570200001
51	61	54	55	0.0876839	-8.68896491822
9	19	14	15	0.1266	-10.75268189708
21	61	33	37	0.0995038	-11.66502512712
44	54	49	50	0.0777162	-37.2258458156
8	18	14	15	0.152371	-7.6595817977800005
7	17	14	15	0.198025	-8.63550682482
3	53	18	23	0.107782	-18.051180817800002
6	16	14	15	0.353382	-6.403279564940001
9	59	19	24	0.124582	-17.095478506
13	53	33	37	0.093041	-29.360715796800005
43	63	55	57	0.115651	-13.170814923800002
1	21	9	11	0.112879	-15.259013981000003
21	61	37	41	0.0809488	-25.542598022000004
41	61	55	57	0.13606	-12.0586273155
3	23	15	17	0.10989	-14.790607499800002
43	63	59	61	0.195582	-10.289831106880001
3	33	9	12	0.153929	-14.013304599000001
34	44	35	36	0.299611	-8.08959228118
40	50	41	42	0.308108	-8.79080690724
13	63	38	43	0.0767611	-17.716975139200002
1	21	15	17	0.143355	-10.64339528212
33	43	35	36	0.136205	-9.3205358711
5	25	19	21	0.144752	-13.561565190800001
32	42	35	36	0.107267	-8.785066026540001
8	38	17	20	0.127775	-16.481266001
32	62	56	59	0.192101	-11.737520721680001
5	45	9	13	0.227821	-13.188840054600002
3	23	19	21	0.241811	-12.000169100200003
7	37	22	25	0.070853	-17.839694180400002
38	58	42	44	0.118089	-5.30298113538
26	46	36	38	0.0838953	-10.9534769158
31	51	41	43	0.085688	-11.90769771
5	35	17	20	0.113044	-16.568058240400003
20	40	36	38	0.178001	-12.23576743654
25	45	41	43	0.15592	-9.75750948722
4	34	22	25	0.0762247	-17.5712925752
36	56	42	44	0.100752	-25.8013697628
24	44	36	38	0.0906858	-19.317137607
35	55	37	39	0.210504	-22.007326649000003
3	53	43	48	0.160729	-9.44562534046
32	52	40	42	0.0880522	-13.8471277082
22	42	36	38	0.11022	-12.4084506588
26	46	40	42	0.103163	-12.273953552680002
34	64	43	46	0.0959961	-12.953525675800002
16	26	21	22	0.115693	-11.810127430060001
24	44	40	42	0.159275	-10.05689950222
21	51	42	45	0.117063	-20.8705088106
1	11	6	7	0.0977226	-11.636962714580001
15	25	21	22	0.129884	-11.26634874096
31	61	43	46	0.0833572	-12.8872277632
15	35	17	19	0.293173	-9.379068162280001
25	55	43	46	0.087619	-14.086392800600002
13	43	37	40	0.15749	-16.2378032754
14	34	22	24	0.0814316	-14.801718881800001
13	33	17	19	0.179509	-12.21756946202
19	39	23	25	0.124205	-11.81657203162
1	21	7	9	0.103879	-13.3569923022
6	36	9	12	0.241593	-11.08380108068
12	32	22	24	0.079286	-16.2679274666
24	64	44	48	0.076401	-28.453162807000005
11	31	17	19	0.138242	-14.0739233608
11	51	43	47	0.17939	-11.269447581940002
20	60	48	52	0.106076	-14.9197464506
39	49	46	47	0.144613	-10.03000995778
44	54	46	47	0.15127	-8.439477354380001
44	54	51	52	0.136676	-11.60662864172
7	57	12	17	0.19858	-12.8887092808
50	60	52	53	0.1517	-10.62362936814
38	48	46	47	0.312125	-7.269498213700001
43	53	51	52	0.307425	-9.920402347340001
43	53	46	47	0.110364	-10.068047922160002
49	59	52	53	0.113844	-9.907574874120002
42	52	46	47	0.102162	-10.386055675
48	58	52	53	0.101784	-9.649309318500002
41	51	46	47	0.102272	-11.00191019534
5	15	11	12	0.147052	-10.70193991928
19	59	31	35	0.106929	-19.3518298108
4	14	11	12	0.194518	-9.876895113820002
23	63	31	35	0.129173	-18.150812876400003
14	64	49	54	0.12247	-15.691123281000001
3	13	11	12	0.338637	-7.129951601760001
9	39	33	36	0.193081	-12.4122779126
33	53	47	49	0.0962631	-11.659975621300001
39	59	53	55	0.115374	-10.9412543956
43	63	53	55	0.0891632	-11.86058545032
2	12	7	8	0.101654	-10.083579165000002
31	51	47	49	0.167164	-11.00624363432
26	36	32	33	0.0968843	-10.5520473761
31	41	32	33	0.248553	-8.98809566764
25	35	32	33	0.12552	-9.638864619420001
12	62	32	37	0.0884513	-31.318417845400003
24	34	32	33	0.342981	-6.2220282325600005
2	22	8	10	0.11311	-13.613171387200001
2	42	34	38	0.172291	-13.344646322200001
6	46	38	42	0.153315	-13.772434529200002
4	14	7	8	0.113673	-10.77775658246
9	39	15	18	0.128529	-13.1971118612
33	63	54	57	0.1332	-13.833300210600003
2	32	14	17	0.0921611	-19.0754033186
17	37	33	35	0.218436	-12.239495922500002
6	36	18	21	0.110685	-37.9405545978
21	41	33	35	0.112297	-12.7647556416
32	52	34	36	0.239345	-10.49046562786
26	46	34	36	0.0908246	-15.591491222400002
6	56	41	46	0.106722	-13.7086058126
10	40	19	22	0.108754	-14.631220898000002
12	62	17	22	0.252226	-14.1123193586
10	60	40	45	0.0887599	-15.986809502000002
26	56	35	38	0.0934391	-20.0514764974
1	11	9	10	0.608065	-5.14986629142
20	50	35	38	0.088092	-15.665196723000001
23	63	55	59	0.198747	-13.055133091200002
12	22	13	14	0.284932	-5.29596861874
8	48	20	24	0.0900296	-22.225233196
11	21	13	14	0.139201	-15.844830732
23	53	35	38	0.0870568	-17.6328990154
17	47	35	38	0.0912708	-15.282594802800002
14	44	38	41	0.146312	-9.20729854254
24	54	39	42	0.0792092	-15.4893899678
4	64	46	52	0.106281	-16.200394956
21	61	41	45	0.0839528	-14.824312025200001
16	56	36	40	0.0807962	-17.7450005138
18	48	39	42	0.103364	-13.5648986054
50	60	58	59	0.196069	-3.8366861287200003
17	37	19	21	0.271288	-8.594382365440001
13	53	41	45	0.114612	-12.3501776332
12	52	36	40	0.0898609	-16.3128668338
1	51	26	31	0.0992276	-20.114811374800002
13	43	16	19	0.268228	-18.9902160566
19	49	22	25	0.211468	-9.82070855884
35	45	43	44	0.239513	-11.30547315158
35	45	38	39	0.0947579	-11.1908283813
14	44	20	23	0.128015	-13.277484191000001
3	43	7	11	0.21751	-13.414154189600001
2	22	18	20	0.307672	-11.057837484740002
34	44	38	39	0.0846211	-10.204878418500002
5	15	8	9	0.107544	-11.72864396206
33	43	38	39	0.0819416	-11.042034630340002
39	49	44	45	0.0946576	-28.224762177000002
32	42	38	39	0.0882496	-8.866426034740002
11	41	20	23	0.0976355	-17.190912931400003
11	61	46	51	0.101461	-14.305040106400002
31	41	38	39	0.119412	-10.474959076980001
43	63	45	47	0.163535	-10.161136611360002
37	57	45	47	0.0848956	-15.579392162000001
41	61	45	47	0.107252	-11.010465959480001
10	40	31	34	0.137868	-16.3729917564
1	11	4	5	0.0881336	-10.554244960540002
35	55	45	47	0.086436	-12.6079616956
39	59	49	51	0.0779468	-12.7911760388
43	63	49	51	0.0826703	-11.710174375980001
23	33	24	25	0.32669	-7.89764933012
37	57	49	51	0.0858683	-16.2322475844
22	32	24	25	0.141605	-10.002700650020001
41	61	49	51	0.0765823	-8.54414657282
8	48	32	36	0.101782	-17.0673296716
16	26	24	25	0.245505	-8.817622375800001
16	26	19	20	0.156008	-10.81925142124
21	31	24	25	0.0978759	-10.83541230906
33	63	51	54	0.109175	-15.3322256424
35	55	49	51	0.112316	-12.09323309744
15	25	19	20	0.143044	-11.61660419356
14	24	19	20	0.13553	-11.36977101542
31	61	46	49	0.0769495	-13.4576120392
6	36	12	15	0.131788	-13.949475882400002
25	55	46	49	0.103291	-12.791793337800001
25	45	31	33	0.104804	-14.989377777800001
19	39	31	33	0.111235	-11.9143645392
26	56	50	53	0.196883	-23.0132770994
23	43	31	33	0.100238	-14.8767824402
3	53	33	38	0.0998774	-18.3334099206
9	59	34	39	0.0836194	-13.7387300038
17	37	31	33	0.136035	-10.55294863264
10	50	14	18	0.211318	-11.67285247844
17	47	32	35	0.0939652	-17.062267819800002
5	45	17	21	0.118061	-32.379801746000005
6	16	9	10	0.13121	-11.483724410819999
10	50	18	22	0.150212	-11.2755218041
14	44	32	35	0.103933	-15.588281267600003
50	60	55	56	0.102273	-11.40306812348
13	63	53	58	0.203139	-9.58748065066
49	59	55	56	0.111958	-10.44930413054
54	64	55	56	0.420604	-10.25178079652
5	55	15	20	0.141566	-16.2381736548
48	58	55	56	0.139158	-10.469786111360001
53	63	55	56	0.175113	-11.09833229914
41	51	49	50	0.304112	-10.832190008280001
47	57	55	56	0.339771	-9.36533943252
52	62	55	56	0.119932	-11.720730188880001
18	58	34	38	0.0873935	-10.48584823134
51	61	55	56	0.104177	-11.18055652594
9	19	10	11	0.281144	-8.586715511860001
2	12	5	6	0.163797	-11.09997431448
8	18	9	10	0.252709	-7.899575303000001
22	62	34	38	0.0969748	-18.486500072600002
40	60	56	58	0.204739	-15.145677884600001
18	58	38	42	0.0772495	-21.377681669
6	26	10	12	0.164948	-12.569071858600001
22	62	38	42	0.0785398	-14.719865034400001
39	49	41	42	0.135365	-11.268929050780002
2	22	6	8	0.133389	-11.752409973560002
42	62	56	58	0.141222	-15.546428395400001
6	26	16	18	0.116596	-12.4769708478
38	48	41	42	0.10186	-9.85016606712
31	41	35	36	0.0942952	-10.87999364284
2	62	20	26	0.0854349	-19.5668967824
5	25	21	23	0.22602	-11.355708944200002
37	47	41	42	0.0897251	-10.79074455342
4	24	16	18	0.125638	-12.8084604108
36	46	41	42	0.091218	-10.077961744100001
44	64	60	62	0.191017	-13.6489747292
35	45	41	42	0.0954217	-9.62545688514
35	45	36	37	0.255461	-16.9048565748
39	49	40	41	0.28026	-12.6635186056
11	51	15	19	0.230883	-13.221803821200002
6	26	20	22	0.132541	-14.5304777012
15	55	19	23	0.235801	-11.63356757008
38	48	40	41	0.118752	-11.393376529180001
37	47	40	41	0.0873144	-11.558652163440001
33	63	57	60	0.187755	-11.001539815940001
2	32	17	20	0.110849	-17.5820335778
8	38	23	26	0.0747663	-18.274519596
1	31	22	25	0.094399	-12.6393204848
39	59	43	45	0.124159	-10.481020953160002
11	51	19	23	0.136565	-15.677666162800001
26	46	42	44	0.186174	-14.638875405600002
14	24	16	17	0.170258	-18.7446545144
14	24	21	22	0.169946	-10.64969173192
4	54	44	49	0.156221	-13.787496624800001
8	58	48	53	0.171373	-18.416992205200003
13	23	21	22	0.490316	-8.73501542362
12	22	16	17	0.12877	-26.805591776
19	49	43	46	0.163095	-10.70165596174
16	26	20	21	0.0990376	-10.898006427660002
7	17	10	11	0.144355	-10.94797060872
11	21	16	17	0.128967	-22.894138392400002
15	25	20	21	0.0993887	-11.41690796706
2	12	10	11	0.830533	-3.5526051289200007
4	64	10	16	0.218458	-15.406054602800001
22	52	43	46	0.110813	-12.5624050294
14	24	20	21	0.105125	-11.66113614342
13	23	20	21	0.150605	-11.133839337620001
3	13	6	7	0.108837	-6.7562758251
17	37	23	25	0.0887862	-12.8606839062
12	22	20	21	0.423944	-8.932958520960002
16	36	18	20	0.304901	-9.5662208731
21	41	23	25	0.223478	-11.41136462204
4	24	10	12	0.133818	-15.3740785146
15	35	23	25	0.0768946	-14.375041813000001
6	56	31	36	0.0950786	-19.312199215
14	34	18	20	0.187072	-11.226409495660002
7	47	11	15	0.213557	-12.435858734400002
13	33	23	25	0.0744978	-16.4804017824
1	61	49	55	0.179487	-9.35222800176
33	73	49	53	0.0803793	-15.597664212400002
53	73	67	69	0.163985	-10.09007315048
38	78	50	54	0.095012	-13.8020648812
25	65	49	53	0.0946254	-14.9745626018
57	77	73	75	0.214172	-4.65526164066
21	71	51	56	0.0935028	-15.697296271
50	80	74	77	0.19013	-2.9428371767200003
48	68	54	56	0.096684	-12.20121103852
52	72	54	56	0.194182	-10.267213271520001
23	73	33	38	0.117281	-17.1293064912
18	68	33	38	0.0953913	-19.994931909
46	66	54	56	0.0932165	-9.35373421132
50	80	56	59	0.113927	-12.427710387600001
17	67	37	42	0.077632	-31.2059459676
49	79	61	64	0.0812451	-11.475501988140001
37	67	55	58	0.116054	-17.2172098688
38	68	59	62	0.118444	-8.06014711888
33	73	61	65	0.114888	-12.449686232000001
32	72	56	60	0.0945849	-13.443167242600001
36	76	60	64	0.0921273	-13.0214285658
39	69	42	45	0.175531	-9.467848104460002
59	69	64	65	0.100467	-13.148592159800002
22	72	62	67	0.211947	-17.556971238400003
35	75	43	47	0.12011	-13.170938383600001
63	73	64	65	0.219703	-10.399167105760002
58	68	64	65	0.114635	-13.362794912800002
58	68	59	60	0.404572	-6.2367446407200005
26	76	66	71	0.241289	-9.86164782852
39	79	47	51	0.0903084	-13.869473932000002
57	77	65	67	0.121697	-13.457982418600002
35	75	47	51	0.0746289	-15.4513643494
55	75	65	67	0.118924	-15.3161758684
59	79	69	71	0.113585	-8.225953630280001
49	69	65	67	0.251644	-12.8954995698
53	73	65	67	0.128649	-14.682456715
57	77	69	71	0.126783	-8.14879125528
48	78	66	69	0.130042	-12.246743012760001
55	75	69	71	0.155263	-7.56025838868
47	77	71	74	0.211626	-6.08998797646
45	75	66	69	0.162344	-11.696877755520001
45	65	51	53	0.10668	-13.2308163866
19	79	49	55	0.076329	-16.7821375336
48	68	50	52	0.164539	-11.09808537954
26	76	31	36	0.183666	-16.3037308086
46	66	50	52	0.107339	-11.7202240037
50	80	53	56	0.18018	-12.125443759260001
41	71	47	50	0.0865023	-15.026539177600002
47	77	53	56	0.119527	-12.448822013400001
67	77	75	76	0.312113	-6.8128821434
18	78	36	42	0.082556	-19.188122116000002
25	65	53	57	0.132533	-14.1877532964
33	73	57	61	0.0905393	-13.784533589600002
60	80	76	78	0.237189	-9.37935211982
25	65	57	61	0.199577	-12.065355874600002
58	68	61	62	0.0847604	-7.6422727338200005
56	66	61	62	0.082538	-11.73475522216
55	65	61	62	0.0939612	-9.064134558460001
55	65	56	57	0.333132	-9.534207746960002
25	75	55	60	0.0920426	-13.8309544744
59	69	60	61	0.219595	-7.6111732102000005
31	71	35	39	0.187304	-12.120962168520002
35	75	39	43	0.179855	-11.2435457159
58	68	60	61	0.124263	-10.76775633866
37	77	41	45	0.184805	-10.797732378100001
57	67	60	61	0.0984759	-11.320251289640002
49	69	57	59	0.085277	-12.426475789600001
19	79	61	67	0.126552	-13.893054753800001
56	66	60	61	0.0917241	-10.1998782966
53	73	57	59	0.115994	-11.916117668360002
48	68	62	64	0.123594	-11.698124699500001
59	79	63	65	0.117705	-12.217544770060002
52	72	62	64	0.0883868	-13.980587752
47	67	57	59	0.0909222	-13.0341449252
31	71	39	43	0.110738	-14.379980205000003
51	71	57	59	0.0904054	-12.772533609
46	66	62	64	0.209001	-17.982290249400002
21	71	41	46	0.0747511	-16.080021651
25	75	40	45	0.0824151	-16.976833638200002
18	78	60	66	0.119116	-13.154147850800001
17	77	65	71	0.236638	-8.11891398368
39	69	63	66	0.213732	-12.686852507800001
49	79	64	67	0.109272	-15.692975178000001
42	72	63	66	0.136765	-14.079972891000002
19	79	43	49	0.0705818	-15.448401314200002
50	80	68	71	0.120132	-8.218743577960002
32	72	64	68	0.246397	-12.385487136
39	69	45	48	0.0981109	-15.031477569600002
42	72	45	48	0.144536	-9.182730042340001
46	76	49	52	0.15205	-11.760459552520002
36	66	45	48	0.083446	-15.287162815400002
66	76	72	73	0.144079	-7.037257983920001
66	76	67	68	0.376874	-10.98195909166
65	75	67	68	0.186235	-11.308559646580001
65	75	72	73	0.175608	-6.175323390220001
64	74	67	68	0.141147	-11.780978571280002
43	73	49	52	0.0994645	-12.868708793200001
35	75	51	55	0.0874868	-15.082466467000001
63	73	67	68	0.131863	-10.26053409634
34	74	46	50	0.0819425	-14.695790373400001
62	72	67	68	0.137993	-11.22229828432
40	80	52	56	0.0994112	-15.149011299200001
31	71	51	55	0.0849056	-14.176765374200002
26	66	46	50	0.0726169	-17.0715273048
34	74	50	54	0.0858559	-13.667246779600001
22	72	52	57	0.0967331	-14.710605549400002
17	67	52	57	0.129644	-13.637369508
26	76	56	61	0.0900419	-13.866510896800001
49	69	55	57	0.107053	-12.20089004304
57	77	59	61	0.184081	-9.33895607326
24	74	34	39	0.109285	-17.324496435
19	69	34	39	0.0907442	-17.7468524108
47	77	56	59	0.0951354	-12.858955469000001
46	76	61	64	0.0834698	-11.53513307154
44	74	56	59	0.0867707	-13.257113324
48	78	60	63	0.0817884	-12.452896186800002
35	65	59	62	0.1949	-10.05026971096
38	78	62	66	0.105813	-11.41489557232
36	66	42	45	0.123355	-11.9226363458
32	72	60	64	0.113811	-11.086541888240001
34	74	62	66	0.127371	-5.524628514320001
20	80	26	32	0.242099	-16.365213789000002
62	72	64	65	0.127524	-11.61677703728
57	67	59	60	0.132072	-8.051393819060001
57	67	64	65	0.15875	-13.1290855114
40	80	44	48	0.155686	-19.856286553600004
56	66	59	60	0.100298	-8.948057654500001
61	71	64	65	0.105352	-13.2985958168
55	65	59	60	0.0911424	-7.738793605460001
31	71	43	47	0.0914872	-14.431216022000001
36	76	44	48	0.1058	-9.16001343914
40	80	48	52	0.0999994	-12.25821242818
60	80	66	68	0.137147	-13.716877619200002
59	79	71	73	0.104111	-6.9343665866
31	71	47	51	0.0654541	-17.3348670582
58	78	66	68	0.127765	-13.3813138828
51	71	65	67	0.156723	-12.994761249
57	77	71	73	0.134312	-6.391229888460001
56	76	66	68	0.128381	-13.4020551292
53	73	69	71	0.258911	-5.11242093408
23	73	48	53	0.0740937	-23.5516852872
18	68	48	53	0.0867746	-15.7358157286
42	72	66	69	0.257548	-9.867993662240002
48	68	52	54	0.127656	-11.955822340040001
46	66	52	54	0.108891	-15.392720944400002
20	80	50	56	0.0806958	-16.3029900498
45	65	47	49	0.140808	-9.757842828680001
21	71	31	36	0.123078	-17.4143751694
19	79	55	61	0.0911382	-14.304052428000002
44	74	53	56	0.0964855	-13.312052935000002
38	68	53	56	0.0933286	-13.4094627172
48	78	54	57	0.116489	-12.402771508
41	71	53	56	0.0887861	-13.9786123952
35	65	53	56	0.108102	-13.9619453222
69	79	76	77	0.170467	-11.400623619440001
34	74	54	58	0.0894434	-20.6781584422
39	79	55	59	0.0899254	-14.547638613400002
26	66	54	58	0.132851	-15.6161831824
34	74	58	62	0.0864897	-20.3637063316
35	65	38	41	0.181305	-11.3223130683
59	69	62	63	0.103277	-19.8098656688
58	68	62	63	0.0987895	-9.35446262414
55	65	60	61	0.0948367	-11.396203758600002
33	73	41	45	0.119662	-12.287620552540002
24	74	59	64	0.107493	-11.760916353779999
19	69	59	64	0.176562	-10.35379562926
32	72	36	40	0.191066	-11.68554414588
57	77	63	65	0.0986987	-13.0000700204
36	76	40	44	0.182457	-13.862436723400002
56	76	58	60	0.168006	-9.7945597732
55	75	63	65	0.089157	-13.1240236596
20	80	62	68	0.138351	-16.873744705200004
49	69	63	65	0.123924	-12.732409174000002
53	73	63	65	0.0890774	-13.5187246402
22	72	42	47	0.0766999	-16.251754232800003
17	67	42	47	0.0791018	-15.668406677800002
26	76	46	51	0.0670278	-18.00043884
46	76	64	67	0.12238	-14.908388149
43	73	64	67	0.147451	-13.107850425800002
47	77	68	71	0.153821	-8.00221978072
37	77	65	69	0.161222	-12.794509453400002
44	74	68	71	0.227444	-7.506232380200001
48	78	51	54	0.178853	-11.572504353000001
33	73	65	69	0.240095	-12.234063691300001
37	77	69	73	0.216907	-6.770757659640001
45	75	51	54	0.122609	-14.460969833800002
37	67	49	52	0.0808617	-12.434377216800002
69	79	73	74	0.110866	-7.243411157960001
68	78	73	74	0.108834	-7.25848559954
61	71	67	68	0.146646	-12.304546891120001
47	77	50	53	0.175556	-6.2491646966
67	77	73	74	0.121708	-9.65390202306
67	77	68	69	0.28627	-10.079048190340002
66	76	68	69	0.167138	-10.585529673860002
66	76	73	74	0.165462	-7.99787399576
65	75	73	74	0.297833	-6.06788867226
65	75	68	69	0.125819	-10.41294521944
36	76	52	56	0.0919534	-14.848139766600001
26	66	50	54	0.0987149	-15.193950666400003
58	78	74	76	0.184207	-3.8275254115600004
25	65	33	37	0.118834	-8.27025100652
21	71	56	61	0.112979	-12.357955600600002
33	73	37	41	0.182894	-15.434944196000002
53	73	55	57	0.242469	-11.145851976160001
18	78	54	60	0.089384	-9.6319632166
59	79	61	63	0.160401	-8.02515861156
47	67	55	57	0.103395	-13.3661283274
51	71	55	57	0.130259	-11.6923220889
25	65	37	41	0.0852951	-31.816331218800006
55	75	59	61	0.108824	-10.554022732900002
57	77	61	63	0.109762	-9.0803448302
45	65	55	57	0.107352	-15.728161221
49	69	59	61	0.0861992	-10.59407309202
53	73	59	61	0.0902193	-10.86201789596
47	67	59	61	0.101976	-9.155778768000001
23	73	38	43	0.0805912	-18.5293406232
18	68	38	43	0.0747916	-17.6674677594
51	71	59	61	0.0820482	-10.174692497400002
43	73	61	64	0.0906854	-11.088825894540001
38	68	56	59	0.101898	-12.297818332020002
37	67	61	64	0.191201	-10.379030812380002
48	78	57	60	0.0882377	-11.505342221800001
41	71	56	59	0.0879312	-13.14229571
45	75	60	63	0.0843428	-11.61093738874
47	77	62	65	0.0912062	-13.991575674200002
35	65	56	59	0.13421	-12.9475996054
39	69	60	63	0.119996	-11.259311532360002
17	77	41	47	0.0755966	-19.461832492600003
42	72	60	63	0.0944305	-11.35289406076
36	66	60	63	0.201391	-10.894833510800002
39	79	63	67	0.112468	-15.5607497322
37	67	43	46	0.116399	-11.818386890680001
39	79	67	71	0.155224	-9.342783327060001
23	73	63	68	0.22068	-12.5914180824
64	74	65	66	0.270647	-10.87062304402
59	69	65	66	0.136342	-13.7165072398
63	73	65	66	0.161395	-12.831177014000001
58	68	65	66	0.177577	-12.998835422400001
62	72	65	66	0.130793	-14.025650579
57	67	65	66	0.368208	-11.319362379080001
61	71	65	66	0.120433	-13.917129414800002
36	76	48	52	0.0834477	-15.029625672600002
55	75	71	73	0.215003	-6.86219198752
54	74	66	68	0.135314	-13.466624604600002
60	80	72	74	0.116847	-7.33930238462
25	75	45	50	0.0650648	-18.8235453266
32	72	48	52	0.0743693	-17.917350394600003
52	72	66	68	0.174528	-13.141801870800002
24	74	49	54	0.0772741	-17.5688233792
19	69	49	54	0.0896641	-16.259161820800003
49	69	53	55	0.113072	-11.693272729360002
26	76	36	41	0.102214	-18.562057470200003
45	75	54	57	0.0983681	-11.62970327834
49	79	58	61	0.0840984	-14.650357167000001
39	69	54	57	0.0936934	-13.632060736600002
68	78	76	77	0.330975	-15.0986397008
35	75	55	59	0.0901546	-14.136270559800002
39	79	59	63	0.0833097	-12.600554107600002
26	66	58	62	0.184399	-10.365055163020001
35	75	59	63	0.0917772	-12.4098087166
57	67	62	63	0.102042	-15.1433321484
36	66	39	42	0.184061	-11.43374788378
56	66	62	63	0.115031	-10.22936049684
56	66	57	58	0.348238	-12.154975343420002
61	71	62	63	0.276849	-6.909267209260001
26	76	61	66	0.123279	-13.886881763800002
55	65	62	63	0.148296	-17.694875835
38	78	42	46	0.169497	-10.52481214422
25	65	41	45	0.0821325	-14.657764755000002
60	80	64	66	0.142316	-14.3360285162
32	72	40	44	0.116782	-24.1035505932
25	75	60	65	0.112557	-13.3323003422
47	67	63	65	0.219195	-11.787324405
58	78	64	66	0.120244	-14.879868935200001
51	71	63	65	0.096772	-12.9494515024
56	76	64	66	0.109768	-15.413215271200002
18	78	66	72	0.21146	-9.584344771740001
50	80	65	68	0.120163	-14.6928273382
21	71	46	51	0.0684678	-15.860510126600001
47	77	65	68	0.134613	-14.382819780400002
48	78	69	72	0.128466	-8.07392523256
18	78	48	54	0.0750132	-22.728084961400004
47	67	49	51	0.16899	-10.404611682940002
39	69	51	54	0.093344	-14.429240665200002
43	73	46	49	0.154108	-10.26108966544
49	79	52	55	0.181562	-11.8749191331
42	72	51	54	0.0996587	-11.97777349248
37	67	46	49	0.0864444	-15.4779082064
36	66	51	54	0.0995684	-11.43209352246
19	79	31	37	0.119869	-11.8815242324
44	74	50	53	0.112626	-13.761076227600002
64	74	68	69	0.112419	-9.06566545998
38	68	50	53	0.0890602	-11.526552615440002
63	73	68	69	0.115639	-8.55319617616
62	72	68	69	0.132681	-7.271942717740001
41	71	50	53	0.092432	-12.301077670740002
32	72	52	56	0.0904781	-14.189234814
59	79	75	77	0.225734	-13.6044057414
18	68	53	58	0.128781	-27.3388146522
26	66	34	38	0.114975	-18.404152386
22	72	57	62	0.109535	-6.48124442864
17	67	57	62	0.185422	-7.154421334120001
55	75	61	63	0.0891372	-9.6785692911
34	74	38	42	0.181993	-10.67744549496
49	69	61	63	0.0956443	-9.53957824826
58	78	60	62	0.167336	-5.1567923862
60	80	62	64	0.177378	-17.308570120800002
25	75	35	40	0.104193	-17.2675814672
53	73	61	63	0.0830269	-9.7490648369
47	67	61	63	0.126766	-9.90929096534
54	74	60	62	0.0856562	-12.1109742707
48	68	60	62	0.0922092	-7.375315608280001
45	75	57	60	0.0832999	-12.837967303000001
39	69	57	60	0.0957934	-10.9278590073
38	68	62	65	0.196855	-13.761816986400001
42	72	57	60	0.0846396	-12.395610839600002
35	75	63	67	0.139186	-14.2082476232
40	80	64	68	0.125132	-15.0629598186
69	79	71	72	0.109803	-8.858117190200002
35	75	67	71	0.240571	-9.36503078302
68	78	71	72	0.0861183	-9.128839839640001
67	77	71	72	0.0758266	-9.2421388981
66	76	71	72	0.0754631	-7.8869824034
45	75	48	51	0.152776	-10.205693253180002
24	74	64	69	0.225243	-12.156580320820002
37	77	45	49	0.0997041	-13.910832965
65	75	71	72	0.0794623	-8.35673459642
65	75	66	67	0.310759	-12.349930713600001
64	74	66	67	0.159102	-13.386375734600001
64	74	71	72	0.0948016	-7.28114047284
59	69	66	67	0.167863	-13.3377325734
59	79	67	69	0.123095	-13.4066231418
58	78	72	74	0.148148	-5.51529495344
37	77	49	53	0.0897733	-14.7109759288
57	77	67	69	0.125599	-12.667469319200002
56	76	72	74	0.259053	-5.81046264328
55	75	67	69	0.135671	-10.7503855448
26	76	51	56	0.083822	-15.848904905400001
49	79	73	76	0.182783	-12.112961973480001
25	75	50	55	0.0783016	-15.913968220000001
47	67	53	55	0.0965501	-12.1598643515
51	71	53	55	0.186299	-11.06238080538
46	66	48	50	0.157806	-9.60540701362
17	67	32	37	0.0941283	-9.088085759660002
20	80	56	62	0.0867047	-10.2211133822
45	65	53	55	0.0909374	-12.117616407940002
42	72	54	57	0.0902301	-15.0414778134
21	71	36	41	0.0841952	-19.091082713200002
36	66	54	57	0.108348	-16.1779252724
50	80	59	62	0.0842671	-22.6143784856
69	79	77	78	0.360714	-4.1081865749
40	80	56	60	0.085263	-13.2956327816
31	71	55	59	0.0969453	-13.4018082096
37	77	61	65	0.0949503	-13.296250080600002
38	68	41	44	0.183154	-6.1701998085200005
36	76	56	60	0.0866282	-13.023774302
40	80	60	64	0.0827135	-13.5137862482
35	65	41	44	0.127622	-16.4297832644
31	71	59	63	0.112609	-11.278102113920001
59	69	63	64	0.0835578	-10.9292170651
58	68	63	64	0.0867302	-10.859919079360001
37	67	40	43	0.176275	-10.980317076320002
21	71	61	66	0.189345	-12.438451390200001
34	74	42	46	0.113101	-12.670185434800002
62	72	63	64	0.228205	-8.539603252180001
57	67	63	64	0.0991954	-11.20696457716
57	67	58	59	0.260691	-3.5298144498400004
19	79	25	31	0.239805	-16.340398369200003
56	66	63	64	0.131102	-11.97797102816
61	71	63	64	0.114482	-9.2133727647
39	79	43	47	0.175587	-11.4764526286
55	65	63	64	0.241375	-12.806608513800002
26	66	42	46	0.0759721	-14.158246404200002
54	74	64	66	0.107198	-14.8925852946
48	68	64	66	0.243312	-12.904512135200003
59	79	65	67	0.133159	-13.392301805
52	72	64	66	0.12003	-14.802583100400001
23	73	43	48	0.0716411	-15.4730932742
18	68	43	48	0.0736192	-14.9714761068
19	79	67	73	0.215803	-7.54855439964
44	74	65	68	0.160892	-13.6228012516
50	80	71	74	0.125781	-7.813955931700001
22	72	47	52	0.0663872	-16.7391735232
17	67	47	52	0.0779263	-16.047922103
41	71	65	68	0.248805	-11.574343904020001
49	69	51	53	0.195811	-11.113209205040002
45	75	69	72	0.19945	-7.4600337230400005
45	65	49	51	0.103012	-12.14092561818
47	67	51	53	0.127446	-12.263138474200002
46	76	52	55	0.118374	-12.9442661908
44	74	47	50	0.132867	-10.307831545720001
43	73	52	55	0.0964054	-13.972069025800002
38	68	47	50	0.0745435	-17.2165925698
37	67	52	55	0.0951429	-13.483044758
67	77	74	75	0.13431	-7.545258022980001
20	80	32	38	0.115649	-19.856286553600004
17	77	35	41	0.0825342	-23.656626117200002
37	77	53	57	0.0904425	-15.0328356274
33	73	53	57	0.0886816	-14.018983749800002
37	77	57	61	0.0838357	-13.9734270836
24	74	54	59	0.0900814	-13.652184684
19	69	54	59	0.118691	-12.30249745844
26	66	38	42	0.0837971	-15.582725576600001
58	78	62	64	0.119696	-16.7262102442
51	71	61	63	0.0832978	-9.694791908820001
45	65	61	63	0.209601	-10.303189457240002
56	76	62	64	0.0969353	-24.343803364000003
55	75	57	59	0.186964	-11.11853032242
52	72	60	62	0.0784216	-7.356747254360001
26	76	41	46	0.0807469	-16.5625025494
17	77	59	65	0.112028	-25.5579070372
48	78	63	66	0.097688	-14.956043631800002
41	71	62	65	0.120935	-18.5663785632
36	66	57	60	0.127265	-11.7930652857
18	78	42	48	0.0706189	-18.018957810000003
45	75	63	66	0.10873	-14.9345616266
31	71	63	67	0.210378	-13.1795805696
36	76	64	68	0.158073	-13.9808346716
40	80	68	72	0.13175	-8.49788618576
21	71	26	31	0.242903	-15.814336161400002
41	71	44	47	0.163302	-8.57660415424
35	65	44	47	0.0960061	-8.537529127540001
39	69	48	51	0.0811762	-12.142888629
36	76	68	72	0.210724	-7.6392603147
63	73	66	67	0.13016	-15.2498779558
42	72	48	51	0.0965429	-14.684308612
69	79	72	73	0.147837	-7.439539396240001
62	72	66	67	0.120373	-13.917005955000002
36	66	48	51	0.0781413	-11.68508734462
68	78	72	73	0.13161	-7.110716564920001
33	73	45	49	0.0788307	-15.180863927600003
61	71	66	67	0.119415	-12.665123583
39	79	51	55	0.0954955	-15.118763648200002
67	77	72	73	0.129428	-6.7363987973
38	78	46	50	0.101722	-14.341090368
25	65	45	49	0.0708668	-16.5500331096
46	86	50	54	0.169895	-12.23422418904
71	91	73	75	0.233064	-5.60780338158
36	96	72	78	0.114035	-9.26867040912
62	92	74	77	0.0859992	-9.295917986980001
41	91	56	61	0.0920347	-14.233556882200002
36	86	56	61	0.085378	-14.178617271200002
56	86	74	77	0.0973306	-6.902291730560001
63	93	78	81	0.108694	-7.20747201018
53	83	74	77	0.117307	-5.0696914973
57	87	78	81	0.14583	-5.0222582421399995
36	96	54	60	0.0949389	-14.7759157836
33	93	57	63	0.0818945	-8.2206325129
54	84	78	81	0.212476	-4.0186411819600005
51	91	75	79	0.109089	-12.315843462820002
58	88	61	64	0.167759	-9.34749949142
43	83	75	79	0.194983	-7.7879059139
47	87	79	83	0.201752	-3.92023137538
55	85	61	64	0.1077	-10.56540572646
51	91	79	83	0.133287	-5.584543555260001
79	89	83	84	0.0799176	-4.36851390918
78	88	83	84	0.082335	-3.63213793208
71	81	77	78	0.124428	-7.62828473848
57	87	60	63	0.165842	-10.457180865780002
41	91	81	86	0.165268	-4.50027020774
54	94	62	66	0.13063	-17.4336348982
82	92	83	84	0.242823	-3.51139424768
77	87	83	84	0.0861033	-3.96488678504
77	87	78	79	0.296588	-6.04015960118
33	93	39	45	0.178387	-13.0895783754
81	91	83	84	0.129813	-2.40387341982
76	86	78	79	0.137107	-6.71113892222
76	86	83	84	0.105868	-3.4634054234200002
75	85	83	84	0.210684	-2.8955397273400005
75	85	78	79	0.106595	-5.3702543804000005
46	86	62	66	0.0975251	-27.297702538800003
74	94	84	86	0.0873229	-5.08723513488
68	88	84	86	0.172408	-3.4087374239800003
72	92	84	86	0.0906487	-5.871278940760001
43	93	63	68	0.110328	-16.660035791400002
38	88	63	68	0.111074	-16.1348378022
64	94	85	88	0.116105	-3.6285082139600005
42	92	67	72	0.108195	-11.50940404922
37	87	67	72	0.117704	-10.56373901916
43	83	47	51	0.131781	-11.61246829026
63	83	65	67	0.240559	-13.148592159800002
61	91	85	88	0.1556	-3.8255253628
69	89	71	73	0.215985	-9.519491338800002
40	90	45	50	0.145756	-12.4784523654
61	81	65	67	0.158705	-14.647270672000001
67	87	71	73	0.132655	-10.0367879008
63	83	69	71	0.121945	-8.85530230676
54	94	86	90	0.222643	-3.8541680364
66	96	72	75	0.13432	-7.6592608023
33	83	48	53	0.084925	-17.018809970200003
61	81	69	71	0.111597	-9.01946680282
53	83	71	74	0.100566	-9.255126869060001
44	94	49	54	0.165226	-12.9869832816
39	89	49	54	0.110422	-13.35217737
86	96	94	95	0.234477	-2.53988908148
86	96	89	90	0.125776	-6.185928587040001
49	89	73	77	0.0986746	-7.20136075008
82	92	89	90	0.151246	-10.26381812702
53	93	73	77	0.0905294	-8.6595938318
49	89	77	81	0.146938	-6.69297798564
33	83	73	78	0.192088	-5.87683463176
74	84	75	76	0.261606	-15.153826231400002
44	94	74	79	0.107404	-9.479403941740001
39	89	74	79	0.12919	-7.8027334358800005
80	90	81	82	0.275141	-6.360155056800001
79	89	81	82	0.132295	-6.698360832920001
72	82	75	76	0.091324	-13.736754647000001
42	82	54	58	0.0976056	-17.531661979400003
65	85	81	83	0.165013	-6.04287571678
76	96	82	84	0.090657	-4.43923168262
64	84	76	78	0.118705	-5.5657529736999996
75	95	77	79	0.245943	-7.211077036340001
35	85	55	60	0.0880299	-14.011205782400001
42	82	58	62	0.0769622	-15.046292745600002
72	92	80	82	0.111146	-7.27539959214
46	96	61	66	0.101457	-15.429882344200001
69	89	77	79	0.106992	-8.371327544780002
74	94	82	84	0.0831699	-4.81296918918
66	86	80	82	0.142952	-6.031233457640001
64	84	80	82	0.213438	-3.1442618404200005
34	84	59	64	0.0819412	-12.08055377598
45	95	60	65	0.0942612	-14.037132340400001
40	90	60	65	0.0852911	-14.709370951400002
65	95	83	86	0.096078	-5.331228737620001
53	83	77	80	0.198183	-5.0367894606000005
59	89	83	86	0.158488	-3.8890330839200007
37	87	42	47	0.177765	-11.670272168620002
36	96	66	72	0.112436	-13.675642046
56	96	84	88	0.128302	-1.616088782
41	91	46	51	0.14854	-12.7698174934
36	86	46	51	0.101607	-14.6093685134
61	91	64	67	0.222426	-14.348004116800002
55	85	64	67	0.121138	-16.3260770324
59	89	68	71	0.125405	-9.87858651308
56	96	88	92	0.205411	-5.93467554806
83	93	91	92	0.150754	-1.89734255238
83	93	86	87	0.0954914	-3.42694774448
62	92	68	71	0.152097	-9.773176535840001
82	92	86	87	0.0891021	-3.4761711667400004
56	86	68	71	0.113904	-9.989626257200001
81	91	86	87	0.0862004	-2.57244543074
45	95	85	90	0.228235	-4.8790078362000004
45	85	65	69	0.120575	-14.286521136400001
49	89	69	73	0.100486	-9.8488203553
53	93	69	73	0.101893	-10.15556857438
73	93	87	89	0.151272	-2.9442693104
45	85	69	73	0.110117	-8.487589638440001
71	81	72	73	0.524629	-5.540036297360001
41	91	71	76	0.0949024	-9.116629665420001
36	86	71	76	0.118463	-8.864290180200001
48	88	52	56	0.180596	-12.25950875608
42	82	50	54	0.113209	-14.4823283792
68	88	74	76	0.0888342	-10.157605661080002
72	92	74	76	0.166014	-6.8325863274800005
43	93	53	58	0.120307	-19.3897319694
66	86	74	76	0.0775841	-8.68297711792
34	94	76	82	0.15338	-7.86948814974
64	94	79	82	0.111106	-7.66412511842
58	88	79	82	0.149212	-6.9362802135
49	89	81	85	0.171593	-3.9727017903800004
53	93	81	85	0.120355	-5.251547782700001
48	88	76	80	0.145825	-4.65528633262
33	83	38	43	0.175189	-8.82948686258
53	83	56	59	0.190504	-11.601739633640001
56	96	80	84	0.111752	-6.25722662154
59	89	62	65	0.179419	-17.700061146600003
52	82	61	64	0.0873337	-9.92337772852
35	95	41	47	0.183837	-12.0816525682
48	88	80	84	0.191023	-3.49143079802
54	84	60	63	0.108776	-11.56504738108
52	92	80	84	0.127067	-5.227275586020001
74	84	78	79	0.0964382	-6.16228603534
80	90	84	85	0.0894297	-4.21970781224
73	83	78	79	0.0928486	-6.435601340580001
79	89	84	85	0.0899144	-3.8453406607000002
72	82	78	79	0.0963698	-6.10660566554
51	81	60	63	0.0869689	-13.6408263824
42	92	82	87	0.169178	-2.42545419286
55	95	63	67	0.138765	-15.371362399
78	88	84	85	0.103533	-5.515714716760001
78	88	79	80	0.368314	-4.12901424316
83	93	84	85	0.233874	-1.76656158624
34	94	40	46	0.17668	-12.539441506600001
71	81	78	79	0.120535	-9.008355420820001
42	82	62	66	0.0957297	-9.709952772260001
47	87	63	67	0.104181	-15.8259413826
35	95	83	89	0.214876	-3.0812232665400003
55	95	67	71	0.13088	-11.70233467868
75	95	85	87	0.0883527	-4.30945074086
73	93	85	87	0.0924387	-3.6326070793200005
33	83	63	68	0.116662	-15.3527199692
44	94	64	69	0.118003	-15.625936506600002
39	89	64	69	0.116469	-15.7928541562
75	95	89	91	0.132326	-4.2294858284000005
65	95	86	89	0.15245	-5.811857739020001
65	85	71	73	0.101689	-8.9655272162
44	84	48	52	0.151588	-11.222471128040002
64	84	66	68	0.248954	-12.480180802600001
35	85	45	50	0.0991227	-14.792459396800002
63	83	71	73	0.0924918	-8.56723355542
66	96	90	93	0.162927	-7.6169758208000005
46	96	51	56	0.178219	-13.042293272
62	82	66	68	0.163779	-13.4445253004
61	81	71	73	0.0918308	-10.28213956134
34	84	49	54	0.0899075	-16.451635649
81	91	89	90	0.227593	-4.17171898798
45	85	73	77	0.121994	-7.068221701760001
53	93	77	81	0.122483	-7.10007433016
50	90	74	78	0.102142	-7.757682954860001
41	81	73	77	0.182318	-6.078666712800001
45	85	77	81	0.215301	-4.4432564721
78	88	81	82	0.110787	-7.205471961420001
77	87	81	82	0.0983882	-8.329042563280002
76	86	81	82	0.0954869	-6.074271543920001
55	85	58	61	0.154519	-13.416006086600001
34	84	74	79	0.190062	-6.19732392658
47	87	55	59	0.120855	-12.8205594712
75	85	81	82	0.102026	-5.28193123948
75	85	76	77	0.400394	-5.57496307478
43	93	78	83	0.139543	-5.86904431838
38	88	78	83	0.207074	-5.08288934992
79	89	80	81	0.312422	-4.73217709606
51	91	55	59	0.181448	-12.4666002246
74	84	76	77	0.177826	-7.319820428180001
74	84	81	82	0.129742	-5.49585003494
55	95	59	63	0.162151	-10.389895274779999
78	88	80	81	0.178136	-5.216225933920001
77	87	80	81	0.136929	-5.235942463980001
76	86	80	81	0.121115	-4.7781411796
43	83	55	59	0.0970061	-13.586874449800002
73	93	77	79	0.152249	-7.83812936054
47	87	59	63	0.0897841	-11.948636979680002
72	92	82	84	0.0803761	-4.24474545968
67	87	77	79	0.10441	-7.274745255200001
51	91	59	63	0.105646	-11.60286311782
71	91	77	79	0.120853	-8.52209665254
65	85	77	79	0.108254	-7.28125158666
41	91	61	66	0.0924619	-15.683715693000002
36	86	61	66	0.0932542	-15.331484883600002
62	92	83	86	0.109069	-4.87035330422
35	85	60	65	0.0853293	-15.194197586000001
61	81	63	65	0.181329	-11.036997470500001
38	88	43	48	0.168578	-11.86153609078
52	92	84	88	0.169603	-4.35562470606
59	89	65	68	0.167146	-14.446154657800001
52	82	64	67	0.108206	-17.504377363600003
42	92	47	52	0.137885	-12.612776627800002
37	87	47	52	0.0950677	-14.510847593000001
62	92	65	68	0.244383	-13.5057613612
66	96	69	72	0.211764	-10.70252018034
56	86	65	68	0.136694	-14.762952504600003
86	96	92	93	0.0944051	-3.0943346973
86	96	87	88	0.188353	-3.19605322652
60	90	69	72	0.108009	-9.19501429244
53	83	68	71	0.110519	-9.426575493320001
85	95	87	88	0.113821	-5.00994930008
85	95	92	93	0.120577	-4.11440894882
36	96	48	54	0.109351	-16.368300284
84	94	92	93	0.178419	-2.9261577577400004
84	94	87	88	0.0902372	-4.25153574868
63	93	69	72	0.133937	-9.75695391812
83	93	87	88	0.0850652	-6.929934379780001
82	92	87	88	0.0848639	-1.4489735967200001
41	81	65	69	0.127728	-14.161332899200001
76	96	88	90	0.151231	-5.95424392636
41	81	69	73	0.13153	-7.48224414106
72	92	88	90	0.241978	-5.91978629618
44	84	52	56	0.121636	-13.468353041800002
72	82	73	74	0.305644	-5.708509540440001
42	92	72	77	0.105425	-8.32442516676
37	87	72	77	0.131269	-8.01171383934
71	81	73	74	0.178327	-7.402217498700001
49	89	53	57	0.178092	-12.207384028520002
64	84	74	76	0.0759745	-11.04314576854
44	94	54	59	0.11611	-13.672679010800001
39	89	54	59	0.0950941	-17.457462639600003
35	95	77	83	0.149512	-4.735300629
75	95	79	81	0.159905	-5.48491149666
66	96	81	84	0.091033	-6.978491119120001
60	90	81	84	0.108682	-5.49909702768
61	91	79	82	0.11711	-6.91295865728
51	81	75	78	0.202094	-9.778756918800001
55	85	79	82	0.208	-6.729077631160001
65	95	80	83	0.103596	-6.55797469434
44	84	76	80	0.206134	-4.47750422062
35	95	59	65	0.0859643	-14.7877679244
50	90	82	86	0.153416	-4.9761089689
56	86	62	65	0.120688	-9.89452517326
54	94	82	86	0.115118	-5.98856575076
34	84	39	44	0.182425	-17.026958317000002
54	84	57	60	0.176576	-10.714890852300002
53	83	62	65	0.096689	-4.54804915034
36	96	42	48	0.170693	-12.475859709600002
82	92	84	85	0.134049	-3.2170907764400005
77	87	79	80	0.168239	-4.8330807906
77	87	84	85	0.124412	-6.516072438220001
81	91	84	85	0.104984	-4.75179485828
76	86	79	80	0.122912	-4.77667200798
75	85	79	80	0.109789	-4.66222477338
51	91	63	67	0.110948	-16.329533906800002
74	84	79	80	0.109427	-4.39320586918
73	83	79	80	0.117125	-3.8410566056400004
56	96	64	68	0.158765	-15.771125231400001
43	83	63	67	0.102323	-15.921375808000002
47	87	67	71	0.118134	-11.271250095020001
51	91	67	71	0.115819	-11.869264674260002
71	91	85	87	0.104373	-4.2343501445200005
36	96	84	90	0.233315	-4.212917523240001
76	96	86	88	0.0953071	-3.54450616604
34	84	64	69	0.124659	-14.8604857466
43	93	68	73	0.105265	-10.54792381878
38	88	68	73	0.115439	-9.613135597100001
62	92	86	89	0.208669	-3.0608030156200003
68	88	72	74	0.164089	-9.234830077940002
66	96	87	90	0.16785	-2.3974782021800003
66	86	72	74	0.121923	-8.86726556138
65	85	67	69	0.259144	-11.55125692142
35	95	71	77	0.104015	-10.934229532980002
41	91	51	56	0.117973	-14.407141361
36	86	51	56	0.0981128	-14.952463297600001
45	95	50	55	0.171151	-12.7504343048
40	90	50	55	0.111773	-14.58677537
58	88	73	76	0.0854119	-8.2519913021
54	94	74	78	0.0956546	-8.318610210180001
46	86	74	78	0.130141	-7.532529317600001
50	90	78	82	0.137923	-3.1401506290800003
51	81	54	57	0.179964	-11.000107682260001
54	94	78	82	0.119409	-5.5192086290999995
80	90	82	83	0.119203	-5.593370930960001
46	86	78	82	0.210737	-5.36609378514
73	83	81	82	0.240399	-5.0429624506
73	83	76	77	0.132418	-7.827857505180001
52	82	58	61	0.101776	-20.3019764316
79	89	82	83	0.0883519	-4.17774382622
72	82	76	77	0.11302	-7.81458557668
78	88	82	83	0.0826186	-3.40516943576
71	81	76	77	0.115499	-7.90853848448
75	85	80	81	0.119886	-4.5898649846
49	89	61	65	0.0921416	-12.934883246000002
77	87	82	83	0.0791672	-2.2273876357200004
74	84	80	81	0.133256	-4.81201854872
53	93	61	65	0.113935	-12.7166063196
48	88	56	60	0.111939	-12.20510002222
44	94	79	84	0.137292	-5.69510180616
39	89	79	84	0.191727	-4.210831052620001
73	83	80	81	0.169637	-4.1416812186400005
52	92	56	60	0.173586	-11.41359924442
56	96	60	64	0.164373	-10.909944990320001
76	96	78	80	0.221347	-6.150791927960001
43	83	59	63	0.0819052	-13.140690732600001
75	95	83	85	0.0902674	-5.15134780902
63	83	77	79	0.128068	-5.24972057766
69	89	83	85	0.112008	-4.0746178552800005
74	94	78	80	0.145272	-6.40871179614
48	88	60	64	0.0889085	-12.627468344
68	88	78	80	0.103506	-6.20859580632
73	93	83	85	0.0884071	-5.101198438260001
61	81	77	79	0.192718	-5.7359669999600005
72	92	78	80	0.113093	-6.9090573276
67	87	83	85	0.174001	-4.3765264502
37	87	62	67	0.102042	-15.979895753200001
46	96	66	71	0.119854	-13.457982418600002
66	96	84	87	0.102449	-3.1699538248000003
60	90	84	87	0.156755	-3.96760290064
63	93	84	87	0.116241	-4.31733982208
62	82	64	66	0.208775	-12.860807366000001
33	83	43	48	0.107986	-18.4318073812
64	94	88	91	0.20843	-2.95197320192
39	89	44	49	0.157725	-23.008832546600004
53	93	85	89	0.203223	-2.96078823164
60	90	66	69	0.165499	-13.303657668600001
65	95	71	74	0.127534	-10.597295392800001
53	83	65	68	0.122135	-13.063898737
57	87	69	72	0.0992069	-10.08776445222
59	89	71	74	0.0942641	-8.9255879709
54	84	69	72	0.0961867	-9.16622346708
86	96	88	89	0.172011	-3.20897946758
86	96	93	94	0.131652	-1.87067523558
85	95	93	94	0.235098	-2.38558902344
85	95	88	89	0.149038	-2.5115550573800003
45	85	53	57	0.120492	-13.0783435336
41	91	76	81	0.147735	-6.54844359778
36	86	76	81	0.223798	-4.54135762918
49	89	57	61	0.106954	-12.9747607614
53	93	57	61	0.170292	-11.58131938272
73	93	75	77	0.222425	-15.7043334796
67	87	75	77	0.0969985	-6.14238431558
71	91	75	77	0.139769	-12.865375378600001
45	85	57	61	0.0899983	-12.5679607204
69	89	79	81	0.116498	-5.59277832392
73	93	79	81	0.131309	-6.445391702720001
67	87	79	81	0.126514	-5.44751552324
34	84	54	59	0.0861509	-15.1278996734
38	88	58	63	0.0826163	-18.4624254116
71	91	79	81	0.117966	-6.780720865500001
36	96	78	84	0.143323	-6.940144505240001
58	88	76	79	0.117236	-7.519812958200001
63	93	81	84	0.0949628	-5.64400179494
65	85	79	81	0.147454	-4.2400539872800005
59	89	80	83	0.12993	-5.413502348340001
62	92	80	83	0.108579	-6.142273201760001
56	86	80	83	0.190517	-3.70310262512
36	86	41	46	0.179557	-11.28925053386
60	90	63	66	0.193841	-12.836732705000001
51	81	57	60	0.107135	-12.041589863100002
57	87	63	66	0.13387	-14.5099833744
43	93	83	88	0.175562	-4.76379515084
79	89	85	86	0.0795414	-7.010800548780001
84	94	85	86	0.210704	-3.27233903694
72	82	79	80	0.145406	-4.898835480080001
83	93	85	86	0.104609	-3.9825044985000004
34	94	46	52	0.101695	-15.349880393800001
82	92	85	86	0.0857493	-3.9651090126800006
48	88	64	68	0.116374	-16.1087877844
81	91	85	86	0.0762298	-5.80178341934
52	92	64	68	0.126015	-16.3613865352
56	96	68	72	0.11462	-11.01352776252
43	83	67	71	0.124973	-10.5627883787
75	95	91	93	0.162264	-5.0653704043
74	94	86	88	0.0995997	-5.27786941206
48	88	68	72	0.101812	-9.84985741762
52	92	68	72	0.101019	-10.09094971506
74	94	90	92	0.132661	-2.3456744701
33	83	68	73	0.134858	-8.10903719968
44	94	69	74	0.102006	-8.7114469478
39	89	69	74	0.109839	-8.679347399800001
45	85	49	53	0.164375	-12.388326711400001
47	87	51	55	0.179948	-11.74821234036
63	93	87	90	0.223785	-3.3819589933600005
64	84	72	74	0.106628	-7.03015904542
63	83	67	69	0.164997	-10.96547720836
62	82	72	74	0.104673	-8.473749794860002
41	81	49	53	0.106568	-14.2959040812
61	81	67	69	0.135904	-11.40845097076
35	85	50	55	0.091847	-15.17320942
42	92	52	57	0.12165	-14.668876137000002
37	87	52	57	0.100825	-14.707889433800002
33	93	75	81	0.150437	-19.779247638400005
46	96	56	61	0.112659	-13.7103342498
65	95	74	77	0.0944002	-8.1256919267
59	89	74	77	0.0875038	-9.14802549256
35	95	53	59	0.0961515	-13.342177126200001
66	96	78	81	0.111112	-7.653433499740001
60	90	78	81	0.115052	-6.48634331838
42	82	74	78	0.188767	-5.4814669682399995
52	82	55	58	0.19927	-7.592691278140001
55	95	79	83	0.117751	-6.08424709576
56	86	59	62	0.162883	-11.48884799252
81	91	82	83	0.28025	-4.191571323820001
76	86	82	83	0.0834538	-3.9954060476000004
76	86	77	78	0.359699	-6.12972968608
46	96	81	86	0.12678	-5.08859319268
75	85	77	78	0.177289	-7.248275474080001
75	85	82	83	0.101215	-3.67723779702
74	84	77	78	0.135945	-7.368858660740001
53	83	59	62	0.105796	-20.243950325600004
80	90	83	84	0.0901295	-3.47512175844
45	85	61	65	0.0862808	-12.908215929199999
73	83	77	78	0.119365	-6.42050220704
44	84	56	60	0.0930745	-13.9845384656
72	82	77	78	0.112765	-7.215027749940001
50	90	62	66	0.104993	-31.940284858000002
52	92	60	64	0.106731	-13.281805283999999
45	95	80	85	0.137481	-5.2989439999200005
40	90	80	85	0.180855	-4.697731811860001
41	81	61	65	0.085056	-13.693173337600001
71	91	83	85	0.0918375	-5.328450892120001
66	86	78	80	0.107866	-5.952354991420001
44	84	60	64	0.0824287	-12.289176146019999
76	96	84	86	0.0888198	-4.667150819400001
64	84	78	80	0.127026	-5.25900475462
34	94	82	88	0.180244	-1.5882485971000002
62	82	78	80	0.195646	-4.135915645980001
41	91	66	71	0.117109	-13.031058430200002
36	86	66	71	0.128164	-11.4580571184
67	87	69	71	0.244056	-9.66575416386
43	93	48	53	0.155734	-13.145011825600001
38	88	48	53	0.107168	-14.436771713
63	93	66	69	0.246777	-12.830189335600002
65	85	69	71	0.148541	-9.78763367842
62	92	71	74	0.103016	-10.00331794902
57	87	66	69	0.136866	-13.166617290600001
56	86	71	74	0.0945908	-9.48991037072
54	84	66	69	0.122154	-11.022898361340001
84	94	88	89	0.134646	-4.3275129096
51	81	69	72	0.101602	-7.7517321925000005
82	92	88	89	0.148258	-4.2294240985
48	88	72	76	0.101271	-10.727236832300001
81	91	88	89	0.173345	-6.5710861251
44	84	72	76	0.121157	-9.612382492320002
43	93	73	78	0.107075	-9.2222618703
38	88	73	78	0.134029	-7.1941877357
41	81	53	57	0.0967924	-14.7569029744
46	86	54	58	0.119355	-9.238891905360001
42	92	77	82	0.147828	-7.817746147560001
37	87	77	82	0.220044	-3.04030868882
50	90	58	62	0.101402	-27.6163522826
75	95	81	83	0.10037	-6.4001189940600005
69	89	81	83	0.0953579	-5.918638120040001
41	81	57	61	0.081777	-12.860436986600002
45	95	55	60	0.11908	-13.11760375
40	90	55	60	0.0960141	-14.345164541400003
68	88	76	78	0.117536	-7.45935469414
73	93	81	83	0.0915024	-6.145335004800001
61	81	75	77	0.125943	-11.00234230464
72	92	76	78	0.157526	-9.457477481260002
67	87	81	83	0.115283	-3.78025265414
76	96	80	82	0.149561	-6.85527823872
71	91	81	83	0.0885597	-5.89548940754
66	86	76	78	0.111996	-8.1783475314
63	83	79	81	0.233704	-3.35602008938
74	94	80	82	0.125029	-7.166717930200001
68	88	80	82	0.122826	-6.769177374200001
65	95	77	80	0.106321	-8.62309911492
44	94	59	64	0.0902054	-13.1208137048
39	89	59	64	0.0826531	-13.3203247416
59	89	77	80	0.113413	-6.188508896860001
64	94	82	85	0.0944494	-4.58821062328
58	88	82	85	0.173317	-5.1133839205200005
62	92	77	80	0.104189	-7.191101240700001
61	91	82	85	0.108118	-4.68570682734
56	86	77	80	0.138179	-5.57913601602
36	96	60	66	0.0925882	-16.0458232864
35	95	65	71	0.120293	-13.767619597000001
55	95	83	87	0.123249	-4.15524945066
35	85	40	45	0.183778	-11.811090416500003
54	84	63	66	0.107972	-16.788063604
51	91	83	87	0.160423	-2.68310244948
55	95	87	91	0.219483	-2.5729763078800003
58	88	64	67	0.153431	-15.3488927154
86	96	91	92	0.0633842	-6.3955880194
65	95	68	71	0.228301	-10.62960482246
44	94	84	89	0.207952	-4.39707016092
80	90	86	87	0.0899252	-2.66150933046
85	95	86	87	0.291767	-2.78600619278
84	94	86	87	0.11676	-3.0647537292200004
44	84	64	68	0.115664	-15.4328453794
35	95	47	53	0.100254	-17.893769572800004
49	89	65	69	0.119913	-14.960982023800002
53	93	65	69	0.13388	-14.637887727200003
44	84	68	72	0.108662	-8.2834735511
75	95	87	89	0.132563	-3.2662648147800004
43	83	51	55	0.114892	-14.0125638402
34	84	69	74	0.132802	-7.538541809860001
42	82	46	50	0.150665	-8.9386129798
67	87	73	75	0.0988455	-12.697716970200002